00 00 00 00 00 00 00 00 00 00 01 01 01 01 01 01 01 01 01 01 
00 00 00 00 00 00 00 00 00 00 01 0C 0C 0C 0C 0C 0C 0C 0C 01 
00 00 00 00 00 00 00 00 00 00 01 0C 0C 0C 0C 0C 0C 0C 0C 01 
00 00 00 00 00 00 00 00 00 00 01 00 00 00 00 00 00 00 00 01 
00 00 00 00 00 00 00 00 00 00 01 00 00 00 00 00 00 00 00 01 
00 00 00 00 00 00 00 00 00 00 01 00 00 00 00 00 00 00 00 01 
00 00 00 00 00 00 00 00 00 00 01 00 00 00 00 00 00 00 00 01 
00 00 00 00 00 00 00 00 00 00 01 00 00 00 00 00 00 00 00 01 
00 00 00 00 00 00 00 00 00 00 01 00 00 00 00 00 00 00 00 01 
00 00 00 00 00 00 00 00 00 00 01 01 01 01 00 00 01 01 01 01 
01 01 01 01 01 01 01 01 01 01 01 01 01 01 00 00 01 01 01 01 01 01 01 01 01 01 01 01 01 01 
01 00 00 00 00 00 00 00 00 01 01 00 00 00 00 00 00 00 00 01 01 00 00 00 00 00 00 00 00 01 
01 00 0A 00 00 00 00 00 00 01 01 00 00 0H 00 00 0H 00 00 01 01 00 00 00 00 00 00 00 00 01 
01 00 0A 00 00 00 00 00 00 01 01 00 00 00 00 00 00 00 00 01 01 00 00 00 00 00 00 00 00 01 
01 00 0A 00 00 00 00 00 00 00 00 00 00 00 00 00 00 00 00 00 00 00 00 00 00 00 00 00 00 01 
01 00 0A 00 00 00 00 00 00 00 00 00 00 00 00 00 00 00 00 00 00 00 00 00 00 00 00 00 00 01 
01 00 0A 00 00 00 00 00 00 01 01 00 00 00 00 00 00 00 00 01 01 00 00 00 00 00 00 00 00 01 
01 00 0A 00 00 00 00 00 00 01 01 00 00 00 00 00 00 00 00 01 01 00 00 00 00 00 00 00 00 01 
01 00 00 00 00 00 00 00 00 01 01 00 00 00 00 00 00 00 00 01 01 00 00 00 00 00 0S 00 00 01 
01 01 01 01 01 01 01 01 01 01 01 01 01 01 00 00 01 01 01 01 01 01 01 01 01 01 01 01 01 01 
00 00 00 00 00 00 00 00 00 00 01 01 01 01 00 00 01 01 01 01 
00 00 00 00 00 00 00 00 00 00 01 00 00 00 00 00 00 00 00 01 
00 00 00 00 00 00 00 00 00 00 01 00 00 00 00 00 00 00 00 01 
00 00 00 00 00 00 00 00 00 00 01 00 00 00 00 00 00 00 00 01 
00 00 00 00 00 00 00 00 00 00 01 00 00 00 00 00 00 00 00 01 
00 00 00 00 00 00 00 00 00 00 01 00 00 00 0P 00 00 00 00 01 
00 00 00 00 00 00 00 00 00 00 01 00 00 00 00 00 00 00 00 01 
00 00 00 00 00 00 00 00 00 00 01 00 00 00 00 00 00 00 00 01 
00 00 00 00 00 00 00 00 00 00 01 00 00 00 00 00 00 00 00 01 
00 00 00 00 00 00 00 00 00 00 01 01 01 01 01 01 01 01 01 01 