CD B1 B1 B1 B1 B1 B1 B1 B1 CG CD B1 B1 B1 B1 B1 B1 B1 B1 CG CD B1 B1 B1 B1 B1 B1 B1 B1 CG CD B1 B1 B1 B1 B1 B1 B1 B1 CG 00 00 00 00 00 00 00 00 00 00 00 00 00 00 00 00 00 00 00 00 00 00 00 00 00 00 00 00 00 00 00 00 00 00 00 00 00 00 00 00 00 00 00 00 00 00 00 00 00 00 00 00 00 00 00 00 00 00 00 00 
G1 00 00 00 00 00 00 00 00 D1 G1 00 00 00 00 00 00 00 00 D1 G1 00 00 00 0I 0I 00 00 00 D1 G1 00 0I 0I 0I 0I 0I 0I 0S D1 00 00 00 00 00 00 00 00 00 00 00 00 00 00 00 00 00 00 00 00 00 00 00 00 00 00 00 00 00 00 00 00 00 00 00 00 00 00 00 00 00 00 00 00 00 00 00 00 00 00 00 00 00 00 00 00 00 00 00 00 
G1 00 00 00 00 00 00 00 00 D1 G1 00 00 0H 00 00 0H 00 00 D1 G1 00 0O 00 00 00 00 0O 00 D1 G1 0H 00 00 00 00 00 00 0H D1 00 00 00 00 00 00 00 00 00 00 00 00 00 00 00 00 00 00 00 00 00 00 00 00 00 00 00 00 00 00 00 00 00 00 00 00 00 00 00 00 00 00 00 00 00 00 00 00 00 00 00 00 00 00 00 00 00 00 00 00 
G1 00 00 00 00 00 00 00 00 HD HG 00 00 00 00 00 00 00 00 HD HG 00 00 00 00 00 00 00 00 HD HG 00 00 00 00 00 00 00 00 D1 00 00 00 00 00 00 00 00 00 00 00 00 00 00 00 00 00 00 00 00 00 00 00 00 00 00 00 00 00 00 00 00 00 00 00 00 00 00 00 00 00 00 00 00 00 00 00 00 00 00 00 00 00 00 00 00 00 00 00 00 
G1 00 00 IT 00 00 00 00 00 00 00 00 00 00 00 00 00 00 00 00 00 00 00 00 00 00 00 00 00 00 00 00 00 0C 00 00 00 00 00 D1 00 00 00 00 00 00 00 00 00 00 00 00 00 00 00 00 00 00 00 00 00 00 00 00 00 00 00 00 00 00 00 00 00 00 00 00 00 00 00 00 00 00 00 00 00 00 00 00 00 00 00 00 00 00 00 00 00 00 00 00 
G1 00 00 00 00 00 00 00 00 00 00 00 0A 00 00 00 00 0A 00 00 00 00 00 00 00 00 00 00 00 00 00 00 00 00 00 00 0C 00 00 D1 00 00 00 00 00 00 00 00 00 00 00 00 00 00 00 00 00 00 00 00 00 00 00 00 00 00 00 00 00 00 00 00 00 00 00 00 00 00 00 00 00 00 00 00 00 00 00 00 00 00 00 00 00 00 00 00 00 00 00 00 
G1 00 00 00 00 00 00 00 00 BD BG 00 00 00 00 00 00 00 00 BD BG 00 00 00 00 00 00 00 00 BD BG 00 00 00 00 00 00 00 00 D1 00 00 00 00 00 00 00 00 00 00 00 00 00 00 00 00 00 00 00 00 00 00 00 00 00 00 00 00 00 00 00 00 00 00 00 00 00 00 00 00 00 00 00 00 00 00 00 00 00 00 00 00 00 00 00 00 00 00 00 00 
G1 00 00 00 00 00 00 00 00 D1 G1 00 00 00 00 00 00 00 00 D1 G1 00 0B 00 00 00 00 0B 00 D1 G1 00 00 00 00 00 00 00 00 D1 00 00 00 00 00 00 00 00 00 00 00 00 00 00 00 00 00 00 00 00 00 00 00 00 00 00 00 00 00 00 00 00 00 00 00 00 00 00 00 00 00 00 00 00 00 00 00 00 00 00 00 00 00 00 00 00 00 00 00 00 
G1 00 00 00 00 00 00 00 00 D1 G1 00 00 00 00 00 00 00 00 D1 G1 00 00 00 0I 0I 00 00 00 D1 G1 00 00 00 00 00 00 00 00 D1 00 00 00 00 00 00 00 00 00 00 00 00 00 00 00 00 00 00 00 00 00 00 00 00 00 00 00 00 00 00 00 00 00 00 00 00 00 00 00 00 00 00 00 00 00 00 00 00 00 00 00 00 00 00 00 00 00 00 00 00 
CA H1 H1 H1 H1 H1 H1 H1 H1 CB CA H1 H1 BG 00 00 BD H1 H1 CB CA H1 H1 H1 H1 H1 H1 H1 H1 CB CA H1 H1 BG 00 00 BD H1 H1 CB 00 00 00 00 00 00 00 00 00 00 00 00 00 00 00 00 00 00 00 00 00 00 00 00 00 00 00 00 00 00 00 00 00 00 00 00 00 00 00 00 00 00 00 00 00 00 00 00 00 00 00 00 00 00 00 00 00 00 00 00 
CD B1 B1 B1 B1 B1 B1 B1 B1 CG CD B1 B1 HG 00 00 HD B1 B1 CG CD B1 B1 B1 B1 B1 B1 B1 B1 CG CD B1 B1 HG 00 00 HD B1 B1 CG 00 00 00 00 00 00 00 00 00 00 00 00 00 00 00 00 00 00 00 00 00 00 00 00 00 00 00 00 00 00 00 00 00 00 00 00 00 00 00 00 00 00 00 00 00 00 00 00 00 00 00 00 00 00 00 00 00 00 00 00 
G1 00 00 00 00 00 00 00 00 D1 G1 00 00 0I 00 00 0I 00 00 D1 G1 00 00 00 00 00 00 00 00 D1 G1 00 00 00 00 00 00 00 00 D1 00 00 00 00 00 00 00 00 00 00 00 00 00 00 00 00 00 00 00 00 00 00 00 00 00 00 00 00 00 00 00 00 00 00 00 00 00 00 00 00 00 00 00 00 00 00 00 00 00 00 00 00 00 00 00 00 00 00 00 00 
G1 00 00 00 00 00 00 00 00 D1 G1 00 0I 00 00 00 00 0I 00 D1 G1 00 0C 0C 0C 0C 0C 0C 00 D1 G1 00 0C 00 00 00 00 0C 00 D1 00 00 00 00 00 00 00 00 00 00 00 00 00 00 00 00 00 00 00 00 00 00 00 00 00 00 00 00 00 00 00 00 00 00 00 00 00 00 00 00 00 00 00 00 00 00 00 00 00 00 00 00 00 00 00 00 00 00 00 00 
G1 00 00 0I 0A 0C 00 00 00 HD HG 0I 00 00 00 00 00 00 0I HD HG 00 00 00 0A 0A 0H 0C 00 D1 G1 00 0C 00 00 00 00 0C 00 D1 00 00 00 00 00 00 00 00 00 00 00 00 00 00 00 00 00 00 00 00 00 00 00 00 00 00 00 00 00 00 00 00 00 00 00 00 00 00 00 00 00 00 00 00 00 00 00 00 00 00 00 00 00 00 00 00 00 00 00 00 
G1 00 00 0A 0C 0C 00 00 00 00 00 00 00 00 00 00 00 00 00 00 00 00 00 00 0O 0A 0A 0C 00 D1 G1 00 0C 00 00 00 00 0C 00 D1 00 00 00 00 00 00 00 00 00 00 00 00 00 00 00 00 00 00 00 00 00 00 00 00 00 00 00 00 00 00 00 00 00 00 00 00 00 00 00 00 00 00 00 00 00 00 00 00 00 00 00 00 00 00 00 00 00 00 00 00 
G1 00 00 0I 0A 0C 00 00 00 00 00 00 00 00 00 00 00 00 00 00 00 00 00 00 00 0O 0A 0C 00 D1 G1 00 0C 00 00 00 00 0C 00 D1 00 00 00 00 00 00 00 00 00 00 00 00 00 00 00 00 00 00 00 00 00 00 00 00 00 00 00 00 00 00 00 00 00 00 00 00 00 00 00 00 00 00 00 00 00 00 00 00 00 00 00 00 00 00 00 00 00 00 00 00 
G1 00 00 0A 0C 0C 00 00 00 BD BG 00 00 00 00 00 00 00 00 BD BG 00 00 00 00 00 00 0C 00 D1 G1 00 0C 00 00 00 00 0C 00 D1 00 00 00 00 00 00 00 00 00 00 00 00 00 00 00 00 00 00 00 00 00 00 00 00 00 00 00 00 00 00 00 00 00 00 00 00 00 00 00 00 00 00 00 00 00 00 00 00 00 00 00 00 00 00 00 00 00 00 00 00 
G1 00 00 00 00 00 00 00 00 D1 G1 00 0H 00 00 00 00 0H 00 D1 G1 00 00 00 00 00 00 0C 00 D1 G1 00 0C 0A 00 00 0A 0C 00 D1 00 00 00 00 00 00 00 00 00 00 00 00 00 00 00 00 00 00 00 00 00 00 00 00 00 00 00 00 00 00 00 00 00 00 00 00 00 00 00 00 00 00 00 00 00 00 00 00 00 00 00 00 00 00 00 00 00 00 00 00 
G1 00 00 00 00 00 00 00 00 D1 G1 00 00 00 00 00 00 00 00 D1 G1 00 00 00 00 00 00 00 00 D1 G1 00 00 00 00 00 00 00 00 D1 00 00 00 00 00 00 00 00 00 00 00 00 00 00 00 00 00 00 00 00 00 00 00 00 00 00 00 00 00 00 00 00 00 00 00 00 00 00 00 00 00 00 00 00 00 00 00 00 00 00 00 00 00 00 00 00 00 00 00 00 
CA H1 H1 H1 H1 H1 H1 H1 H1 CB CA H1 H1 BG 00 00 BD H1 H1 CB CA H1 H1 BG 00 00 BD H1 H1 CB CA H1 H1 BG 00 00 BD H1 H1 CB 00 00 00 00 00 00 00 00 00 00 00 00 00 00 00 00 00 00 00 00 00 00 00 00 00 00 00 00 00 00 00 00 00 00 00 00 00 00 00 00 00 00 00 00 00 00 00 00 00 00 00 00 00 00 00 00 00 00 00 00 
CD B1 B1 B1 B1 B1 B1 B1 B1 CG CD B1 B1 HG 00 00 HD B1 B1 CG CD B1 B1 HG 00 00 HD B1 B1 CG CD B1 B1 HG 00 00 HD B1 B1 CG 00 00 00 00 00 00 00 00 00 00 00 00 00 00 00 00 00 00 00 00 00 00 00 00 00 00 00 00 00 00 00 00 00 00 00 00 00 00 00 00 00 00 00 00 00 00 00 00 00 00 00 00 00 00 00 00 00 00 00 00 
G1 00 00 00 00 00 00 0A 00 D1 G1 00 0C 0C 00 00 00 00 00 D1 G1 00 00 00 00 00 00 00 00 D1 G1 00 00 00 00 00 00 0O 0I D1 00 00 00 00 00 00 00 00 00 00 00 00 00 00 00 00 00 00 00 00 00 00 00 00 00 00 00 00 00 00 00 00 00 00 00 00 00 00 00 00 00 00 00 00 00 00 00 00 00 00 00 00 00 00 00 00 00 00 00 00 
G1 00 00 00 00 0A 00 00 00 D1 G1 00 0C 0C 00 00 00 00 00 D1 G1 00 0I 00 00 00 00 0I 00 D1 G1 0H 00 00 00 00 00 0O 0I D1 00 00 00 00 00 00 00 00 00 00 00 00 00 00 00 00 00 00 00 00 00 00 00 00 00 00 00 00 00 00 00 00 00 00 00 00 00 00 00 00 00 00 00 00 00 00 00 00 00 00 00 00 00 00 00 00 00 00 00 00 
G1 00 00 0A 00 00 00 00 00 HD HG 00 00 00 00 00 0A 0I 00 D1 G1 00 00 00 00 00 00 00 00 HD HG 00 00 00 00 00 00 0O 0I D1 00 00 00 00 00 00 00 00 00 00 00 00 00 00 00 00 00 00 00 00 00 00 00 00 00 00 00 00 00 00 00 00 00 00 00 00 00 00 00 00 00 00 00 00 00 00 00 00 00 00 00 00 00 00 00 00 00 00 00 00 
G1 00 00 00 00 00 00 00 00 00 00 00 00 00 00 00 0A 0I 00 D1 G1 00 00 00 00 00 00 00 00 00 00 00 00 00 00 00 00 0O 0I D1 00 00 00 00 00 00 00 00 00 00 00 00 00 00 00 00 00 00 00 00 00 00 00 00 00 00 00 00 00 00 00 00 00 00 00 00 00 00 00 00 00 00 00 00 00 00 00 00 00 00 00 00 00 00 00 00 00 00 00 00 
G1 00 0A 00 00 00 00 00 00 00 00 00 00 00 00 00 0A 0I 00 D1 G1 00 00 00 00 00 00 00 00 00 00 00 00 00 00 00 00 0O 0I D1 00 00 00 00 00 00 00 00 00 00 00 00 00 00 00 00 00 00 00 00 00 00 00 00 00 00 00 00 00 00 00 00 00 00 00 00 00 00 00 00 00 00 00 00 00 00 00 00 00 00 00 00 00 00 00 00 00 00 00 00 
G1 00 00 00 00 00 00 00 00 BD BG 00 00 00 00 00 0A 0I 00 D1 G1 00 00 00 00 00 00 00 00 BD BG 00 00 00 00 00 00 0O 0I D1 00 00 00 00 00 00 00 00 00 00 00 00 00 00 00 00 00 00 00 00 00 00 00 00 00 00 00 00 00 00 00 00 00 00 00 00 00 00 00 00 00 00 00 00 00 00 00 00 00 00 00 00 00 00 00 00 00 00 00 00 
G1 00 0A 00 00 00 00 00 00 D1 G1 00 00 00 00 00 0A 0I 00 D1 G1 00 0I 0A 0A 0A 0A 0I 00 D1 G1 0H 00 00 00 00 00 0O 0I D1 00 00 00 00 00 00 00 00 00 00 00 00 00 00 00 00 00 00 00 00 00 00 00 00 00 00 00 00 00 00 00 00 00 00 00 00 00 00 00 00 00 00 00 00 00 00 00 00 00 00 00 00 00 00 00 00 00 00 00 00 
G1 00 00 00 00 00 00 00 00 D1 G1 00 00 00 00 00 00 00 00 D1 G1 00 00 00 00 00 00 00 00 D1 G1 00 00 00 00 00 00 0O 0I D1 00 00 00 00 00 00 00 00 00 00 00 00 00 00 00 00 00 00 00 00 00 00 00 00 00 00 00 00 00 00 00 00 00 00 00 00 00 00 00 00 00 00 00 00 00 00 00 00 00 00 00 00 00 00 00 00 00 00 00 00 
CA H1 H1 BG 00 00 BD H1 H1 CB CA H1 H1 BG 00 00 BD H1 H1 CB CA H1 H1 H1 H1 H1 H1 H1 H1 CB CA H1 H1 BG 00 00 BD H1 H1 CB 00 00 00 00 00 00 00 00 00 00 00 00 00 00 00 00 00 00 00 00 00 00 00 00 00 00 00 00 00 00 00 00 00 00 00 00 00 00 00 00 00 00 00 00 00 00 00 00 00 00 00 00 00 00 00 00 00 00 00 00 
CD B1 B1 HG 00 00 HD B1 B1 CG CD B1 B1 HG 00 00 HD B1 B1 CG CD B1 B1 B1 B1 B1 B1 B1 B1 CG CD B1 B1 HG 00 00 HD B1 B1 CG 00 00 00 00 00 00 00 00 00 00 00 00 00 00 00 00 00 00 00 00 00 00 00 00 00 00 00 00 00 00 00 00 00 00 00 00 00 00 00 00 00 00 00 00 00 00 00 00 00 00 00 00 00 00 00 00 00 00 00 00 
G1 0H 0H 0H 00 00 0I 0I 0I D1 G1 00 00 00 00 00 00 00 00 D1 G1 0I 00 00 00 00 00 00 0I D1 G1 00 00 00 00 00 00 00 00 D1 00 00 00 00 00 00 00 00 00 00 00 00 00 00 00 00 00 00 00 00 00 00 00 00 00 00 00 00 00 00 00 00 00 00 00 00 00 00 00 00 00 00 00 00 00 00 00 00 00 00 00 00 00 00 00 00 00 00 00 00 
G1 0H 0H 0H 00 00 0I 0I 0I D1 G1 00 00 00 00 00 00 00 00 D1 G1 00 0C 0A 0C 0A 0A 0C 00 D1 G1 00 00 00 00 00 00 00 00 D1 00 00 00 00 00 00 00 00 00 00 00 00 00 00 00 00 00 00 00 00 00 00 00 00 00 00 00 00 00 00 00 00 00 00 00 00 00 00 00 00 00 00 00 00 00 00 00 00 00 00 00 00 00 00 00 00 00 00 00 00 
G1 00 00 00 00 00 00 00 00 D1 G1 00 00 00 00 00 00 00 00 D1 G1 00 00 00 00 00 00 00 00 HD HG 00 00 00 00 00 00 0B 00 D1 00 00 00 00 00 00 00 00 00 00 00 00 00 00 00 00 00 00 00 00 00 00 00 00 00 00 00 00 00 00 00 00 00 00 00 00 00 00 00 00 00 00 00 00 00 00 00 00 00 00 00 00 00 00 00 00 00 00 00 00 
G1 00 00 00 0A 0A 00 00 00 D1 G1 00 00 0I 0I 0I 00 00 00 D1 G1 00 00 00 00 00 00 00 00 00 00 00 00 00 00 00 00 00 00 D1 00 00 00 00 00 00 00 00 00 00 00 00 00 00 00 00 00 00 00 00 00 00 00 00 00 00 00 00 00 00 00 00 00 00 00 00 00 00 00 00 00 00 00 00 00 00 00 00 00 00 00 00 00 00 00 00 00 00 00 00 
G1 00 00 00 00 00 00 00 00 D1 G1 00 00 0I IT 0I 00 00 00 D1 G1 00 00 00 00 00 00 00 00 00 00 00 00 00 IT 00 00 00 00 D1 00 00 00 00 00 00 00 00 00 00 00 00 00 00 00 00 00 00 00 00 00 00 00 00 00 00 00 00 00 00 00 00 00 00 00 00 00 00 00 00 00 00 00 00 00 00 00 00 00 00 00 00 00 00 00 00 00 00 00 00 
G1 00 00 00 00 00 00 00 00 D1 G1 00 00 0I 0I 0I 00 00 00 D1 G1 00 00 00 00 00 00 00 00 BD BG 00 00 00 00 00 00 0B 00 D1 00 00 00 00 00 00 00 00 00 00 00 00 00 00 00 00 00 00 00 00 00 00 00 00 00 00 00 00 00 00 00 00 00 00 00 00 00 00 00 00 00 00 00 00 00 00 00 00 00 00 00 00 00 00 00 00 00 00 00 00 
G1 00 00 00 00 00 00 00 00 D1 G1 00 00 00 00 00 00 00 00 D1 G1 00 00 00 00 00 00 00 00 D1 G1 00 00 00 00 00 00 00 00 D1 00 00 00 00 00 00 00 00 00 00 00 00 00 00 00 00 00 00 00 00 00 00 00 00 00 00 00 00 00 00 00 00 00 00 00 00 00 00 00 00 00 00 00 00 00 00 00 00 00 00 00 00 00 00 00 00 00 00 00 00 
G1 00 00 00 00 00 00 00 00 D1 G1 00 00 00 00 00 00 00 00 D1 G1 00 00 00 00 00 00 00 00 D1 G1 00 00 00 00 00 00 00 00 D1 00 00 00 00 00 00 00 00 00 00 00 00 00 00 00 00 00 00 00 00 00 00 00 00 00 00 00 00 00 00 00 00 00 00 00 00 00 00 00 00 00 00 00 00 00 00 00 00 00 00 00 00 00 00 00 00 00 00 00 00 
CA H1 H1 BG 00 00 BD H1 H1 CB CA H1 H1 H1 H1 H1 H1 H1 H1 CB CA H1 H1 BG 00 00 BD H1 H1 CB CA H1 H1 H1 H1 H1 H1 H1 H1 CB 00 00 00 00 00 00 00 00 00 00 00 00 00 00 00 00 00 00 00 00 00 00 00 00 00 00 00 00 00 00 00 00 00 00 00 00 00 00 00 00 00 00 00 00 00 00 00 00 00 00 00 00 00 00 00 00 00 00 00 00 
CD B1 B1 HG 00 00 HD B1 B1 CG CD B1 B1 B1 B1 B1 B1 B1 B1 CG CD B1 B1 HG 00 00 HD B1 B1 CG CD B1 B1 B1 B1 B1 B1 B1 B1 CG 00 00 00 00 00 00 00 00 00 00 00 00 00 00 00 00 00 00 00 00 00 00 00 00 00 00 00 00 00 00 00 00 00 00 00 00 00 00 00 00 00 00 00 00 00 00 00 00 00 00 00 00 00 00 00 00 00 00 00 00 
G1 0H 00 0I 00 00 00 00 00 D1 G1 00 00 00 00 00 00 00 00 D1 G1 00 00 00 00 00 00 00 00 D1 G1 00 00 00 00 00 00 00 00 D1 00 00 00 00 00 00 00 00 00 00 00 00 00 00 00 00 00 00 00 00 00 00 00 00 00 00 00 00 00 00 00 00 00 00 00 00 00 00 00 00 00 00 00 00 00 00 00 00 00 00 00 00 00 00 00 00 00 00 00 00 
G1 00 0I 00 00 00 00 00 00 D1 G1 00 00 00 00 00 00 00 00 D1 G1 00 00 00 00 00 00 00 00 D1 G1 00 00 0C 0C 0C 00 00 00 D1 00 00 00 00 00 00 00 00 00 00 00 00 00 00 00 00 00 00 00 00 00 00 00 00 00 00 00 00 00 00 00 00 00 00 00 00 00 00 00 00 00 00 00 00 00 00 00 00 00 00 00 00 00 00 00 00 00 00 00 00 
G1 0I 00 00 00 00 00 00 00 HD HG 00 00 00 00 00 00 00 00 HD HG 00 00 00 00 00 00 00 00 HD HG 00 0C 0C 00 0C 0C 00 00 D1 00 00 00 00 00 00 00 00 00 00 00 00 00 00 00 00 00 00 00 00 00 00 00 00 00 00 00 00 00 00 00 00 00 00 00 00 00 00 00 00 00 00 00 00 00 00 00 00 00 00 00 00 00 00 00 00 00 00 00 00 
G1 00 00 00 00 00 00 00 00 00 00 00 00 00 00 00 00 00 00 00 00 00 00 00 00 00 00 00 00 00 00 00 0C 00 00 00 0C 00 00 D1 00 00 00 00 00 00 00 00 00 00 00 00 00 00 00 00 00 00 00 00 00 00 00 00 00 00 00 00 00 00 00 00 00 00 00 00 00 00 00 00 00 00 00 00 00 00 00 00 00 00 00 00 00 00 00 00 00 00 00 00 
G1 00 00 00 00 00 00 00 00 00 00 00 00 00 00 00 00 00 00 00 00 00 00 00 00 00 00 00 00 00 00 00 0C 0C 00 0C 0C 00 00 D1 00 00 00 00 00 00 00 00 00 00 00 00 00 00 00 00 00 00 00 00 00 00 00 00 00 00 00 00 00 00 00 00 00 00 00 00 00 00 00 00 00 00 00 00 00 00 00 00 00 00 00 00 00 00 00 00 00 00 00 00 
G1 00 00 00 00 00 00 00 00 BD BG 00 00 00 00 00 00 00 00 BD BG 00 00 00 00 00 00 00 00 BD BG 00 00 0C 0C 0C 00 00 00 D1 00 00 00 00 00 00 00 00 00 00 00 00 00 00 00 00 00 00 00 00 00 00 00 00 00 00 00 00 00 00 00 00 00 00 00 00 00 00 00 00 00 00 00 00 00 00 00 00 00 00 00 00 00 00 00 00 00 00 00 00 
G1 00 00 00 00 00 00 00 00 D1 G1 00 00 00 00 00 00 00 00 D1 G1 00 00 00 00 00 00 00 00 D1 G1 00 00 00 00 00 00 00 00 D1 00 00 00 00 00 00 00 00 00 00 00 00 00 00 00 00 00 00 00 00 00 00 00 00 00 00 00 00 00 00 00 00 00 00 00 00 00 00 00 00 00 00 00 00 00 00 00 00 00 00 00 00 00 00 00 00 00 00 00 00 
G1 00 00 00 00 00 00 00 00 D1 G1 00 00 00 00 00 00 00 00 D1 G1 00 00 00 00 00 00 00 00 D1 G1 00 00 00 00 00 00 00 00 D1 00 00 00 00 00 00 00 00 00 00 00 00 00 00 00 00 00 00 00 00 00 00 00 00 00 00 00 00 00 00 00 00 00 00 00 00 00 00 00 00 00 00 00 00 00 00 00 00 00 00 00 00 00 00 00 00 00 00 00 00 
CA H1 H1 BG 00 00 BD H1 H1 CB CA H1 H1 H1 H1 H1 H1 H1 H1 CB CA H1 H1 BG 00 00 BD H1 H1 CB CA H1 H1 H1 H1 H1 H1 H1 H1 CB 00 00 00 00 00 00 00 00 00 00 00 00 00 00 00 00 00 00 00 00 00 00 00 00 00 00 00 00 00 00 00 00 00 00 00 00 00 00 00 00 00 00 00 00 00 00 00 00 00 00 00 00 00 00 00 00 00 00 00 00 
CD B1 B1 HG 00 00 HD B1 B1 CG CD B1 B1 B1 B1 B1 B1 B1 B1 CG CD B1 B1 HG 00 00 HD B1 B1 CG CD B1 B1 B1 B1 B1 B1 B1 B1 CG 00 00 00 00 00 00 00 00 00 00 00 00 00 00 00 00 00 00 00 00 00 00 00 00 00 00 00 00 00 00 00 00 00 00 00 00 00 00 00 00 00 00 00 00 00 00 00 00 00 00 00 00 00 00 00 00 00 00 00 00 
G1 00 00 00 00 00 00 00 00 D1 G1 00 00 00 00 00 00 00 00 D1 G1 00 00 00 00 00 00 00 00 D1 G1 00 00 00 00 00 00 00 00 D1 00 00 00 00 00 00 00 00 00 00 00 00 00 00 00 00 00 00 00 00 00 00 00 00 00 00 00 00 00 00 00 00 00 00 00 00 00 00 00 00 00 00 00 00 00 00 00 00 00 00 00 00 00 00 00 00 00 00 00 00 
G1 00 00 00 00 00 00 00 00 D1 G1 00 0B 00 00 00 00 00 00 D1 G1 00 00 00 00 00 00 00 00 D1 G1 00 00 00 00 00 00 00 00 D1 00 00 00 00 00 00 00 00 00 00 00 00 00 00 00 00 00 00 00 00 00 00 00 00 00 00 00 00 00 00 00 00 00 00 00 00 00 00 00 00 00 00 00 00 00 00 00 00 00 00 00 00 00 00 00 00 00 00 00 00 
G1 00 0C 00 00 00 00 00 00 D1 G1 00 0B 00 00 00 00 00 00 HD HG 00 00 00 00 00 00 00 00 HD HG 00 00 0C 0C 0C 00 00 00 D1 00 00 00 00 00 00 00 00 00 00 00 00 00 00 00 00 00 00 00 00 00 00 00 00 00 00 00 00 00 00 00 00 00 00 00 00 00 00 00 00 00 00 00 00 00 00 00 00 00 00 00 00 00 00 00 00 00 00 00 00 
G1 00 0I 00 00 00 0C 00 00 D1 G1 00 0B 00 00 00 00 00 00 00 00 00 00 00 00 00 00 00 00 00 00 00 00 0C IT 0C 00 00 00 D1 00 00 00 00 00 00 00 00 00 00 00 00 00 00 00 00 00 00 00 00 00 00 00 00 00 00 00 00 00 00 00 00 00 00 00 00 00 00 00 00 00 00 00 00 00 00 00 00 00 00 00 00 00 00 00 00 00 00 00 00 
G1 00 00 0C 0C 0C 00 00 00 D1 G1 00 0B 00 00 00 00 00 00 00 00 00 00 00 0P 00 00 00 00 00 00 00 00 0C 0C 0C 00 00 00 D1 00 00 00 00 00 00 00 00 00 00 00 00 00 00 00 00 00 00 00 00 00 00 00 00 00 00 00 00 00 00 00 00 00 00 00 00 00 00 00 00 00 00 00 00 00 00 00 00 00 00 00 00 00 00 00 00 00 00 00 00 
G1 00 00 0A 0C 0A 00 00 00 D1 G1 00 0B 00 00 00 00 00 00 BD BG 00 00 00 00 00 00 00 00 BD BG 00 00 00 00 00 00 00 00 D1 00 00 00 00 00 00 00 00 00 00 00 00 00 00 00 00 00 00 00 00 00 00 00 00 00 00 00 00 00 00 00 00 00 00 00 00 00 00 00 00 00 00 00 00 00 00 00 00 00 00 00 00 00 00 00 00 00 00 00 00 
G1 00 00 00 00 00 00 00 00 D1 G1 00 0B 00 00 00 00 00 00 D1 G1 00 00 00 00 00 00 00 00 D1 G1 00 00 00 00 00 00 00 00 D1 00 00 00 00 00 00 00 00 00 00 00 00 00 00 00 00 00 00 00 00 00 00 00 00 00 00 00 00 00 00 00 00 00 00 00 00 00 00 00 00 00 00 00 00 00 00 00 00 00 00 00 00 00 00 00 00 00 00 00 00 
G1 00 00 00 00 00 00 00 00 D1 G1 00 00 00 00 00 00 00 00 D1 G1 00 00 00 00 00 00 00 00 D1 G1 00 00 00 00 00 00 00 00 D1 00 00 00 00 00 00 00 00 00 00 00 00 00 00 00 00 00 00 00 00 00 00 00 00 00 00 00 00 00 00 00 00 00 00 00 00 00 00 00 00 00 00 00 00 00 00 00 00 00 00 00 00 00 00 00 00 00 00 00 00 
CA H1 H1 H1 H1 H1 H1 H1 H1 CB CA H1 H1 BG 00 00 BD H1 H1 CB CA H1 H1 H1 H1 H1 H1 H1 H1 CB CA H1 H1 H1 H1 H1 H1 H1 H1 CB 00 00 00 00 00 00 00 00 00 00 00 00 00 00 00 00 00 00 00 00 00 00 00 00 00 00 00 00 00 00 00 00 00 00 00 00 00 00 00 00 00 00 00 00 00 00 00 00 00 00 00 00 00 00 00 00 00 00 00 00 
CD B1 B1 B1 B1 B1 B1 B1 B1 CG CD B1 B1 HG 00 00 HD B1 B1 CG CD B1 B1 B1 B1 B1 B1 B1 B1 CG CD B1 B1 B1 B1 B1 B1 B1 B1 CG 00 00 00 00 00 00 00 00 00 00 00 00 00 00 00 00 00 00 00 00 00 00 00 00 00 00 00 00 00 00 00 00 00 00 00 00 00 00 00 00 00 00 00 00 00 00 00 00 00 00 00 00 00 00 00 00 00 00 00 00 
G1 0H G1 0I 0I 0I 0I 0I 0I D1 G1 00 0I 00 00 00 00 0I 00 D1 G1 00 00 00 00 00 00 00 00 D1 G1 00 00 00 00 00 00 00 00 D1 00 00 00 00 00 00 00 00 00 00 00 00 00 00 00 00 00 00 00 00 00 00 00 00 00 00 00 00 00 00 00 00 00 00 00 00 00 00 00 00 00 00 00 00 00 00 00 00 00 00 00 00 00 00 00 00 00 00 00 00 
G1 B1 HG 00 00 00 00 00 00 D1 G1 00 00 00 00 00 00 00 00 D1 G1 00 00 00 0A 0A 0A 0A 00 D1 G1 00 00 00 00 00 00 00 00 D1 00 00 00 00 00 00 00 00 00 00 00 00 00 00 00 00 00 00 00 00 00 00 00 00 00 00 00 00 00 00 00 00 00 00 00 00 00 00 00 00 00 00 00 00 00 00 00 00 00 00 00 00 00 00 00 00 00 00 00 00 
G1 00 00 00 00 00 00 00 00 HD HG 00 00 00 00 00 00 00 00 HD HG 00 00 00 00 00 00 00 00 HD HG 00 00 00 00 00 00 00 00 D1 00 00 00 00 00 00 00 00 00 00 00 00 00 00 00 00 00 00 00 00 00 00 00 00 00 00 00 00 00 00 00 00 00 00 00 00 00 00 00 00 00 00 00 00 00 00 00 00 00 00 00 00 00 00 00 00 00 00 00 00 
G1 IT 00 00 00 00 00 00 00 00 00 00 00 00 00 00 00 00 00 00 00 00 00 00 00 00 0C 0C 00 00 00 00 00 00 00 00 00 00 00 D1 00 00 00 00 00 00 00 00 00 00 00 00 00 00 00 00 00 00 00 00 00 00 00 00 00 00 00 00 00 00 00 00 00 00 00 00 00 00 00 00 00 00 00 00 00 00 00 00 00 00 00 00 00 00 00 00 00 00 00 00 
G1 IT 00 00 00 00 00 00 00 00 00 00 00 00 00 00 00 00 00 00 00 00 00 00 00 00 0C 0C 00 00 00 00 00 00 00 00 00 00 00 D1 00 00 00 00 00 00 00 00 00 00 00 00 00 00 00 00 00 00 00 00 00 00 00 00 00 00 00 00 00 00 00 00 00 00 00 00 00 00 00 00 00 00 00 00 00 00 00 00 00 00 00 00 00 00 00 00 00 00 00 00 
G1 IT 00 00 00 00 00 00 00 BD BG 00 00 0I 00 00 0I 00 00 BD BG 00 00 00 00 00 00 00 00 BD BG 00 00 00 00 00 00 00 00 D1 00 00 00 00 00 00 00 00 00 00 00 00 00 00 00 00 00 00 00 00 00 00 00 00 00 00 00 00 00 00 00 00 00 00 00 00 00 00 00 00 00 00 00 00 00 00 00 00 00 00 00 00 00 00 00 00 00 00 00 00 
G1 00 00 00 00 00 00 00 00 D1 G1 00 00 00 00 00 00 00 00 D1 G1 00 00 00 0A 0A 0A 0A 00 D1 G1 00 00 00 00 00 00 00 00 D1 00 00 00 00 00 00 00 00 00 00 00 00 00 00 00 00 00 00 00 00 00 00 00 00 00 00 00 00 00 00 00 00 00 00 00 00 00 00 00 00 00 00 00 00 00 00 00 00 00 00 00 00 00 00 00 00 00 00 00 00 
G1 00 00 0I 0I 0I 0I 0I 0I D1 G1 00 00 00 00 00 00 00 00 D1 G1 00 00 00 00 00 00 00 00 D1 G1 00 00 00 00 00 00 00 00 D1 00 00 00 00 00 00 00 00 00 00 00 00 00 00 00 00 00 00 00 00 00 00 00 00 00 00 00 00 00 00 00 00 00 00 00 00 00 00 00 00 00 00 00 00 00 00 00 00 00 00 00 00 00 00 00 00 00 00 00 00 
CA H1 H1 H1 H1 H1 H1 H1 H1 CB CA H1 H1 H1 H1 H1 H1 H1 H1 CB CA H1 H1 H1 H1 H1 H1 H1 H1 CB CA H1 H1 BG 00 00 BD H1 H1 CB 00 00 00 00 00 00 00 00 00 00 00 00 00 00 00 00 00 00 00 00 00 00 00 00 00 00 00 00 00 00 00 00 00 00 00 00 00 00 00 00 00 00 00 00 00 00 00 00 00 00 00 00 00 00 00 00 00 00 00 00 
01 01 01 01 01 01 01 01 01 01 01 01 01 01 01 01 01 01 01 01 01 01 01 01 01 01 01 01 01 01 CD B1 B1 HG 00 00 HD B1 B1 CG 00 00 00 00 00 00 00 00 00 00 00 00 00 00 00 00 00 00 00 00 00 00 00 00 00 00 00 00 00 00 00 00 00 00 00 00 00 00 00 00 00 00 00 00 00 00 00 00 00 00 00 00 00 00 00 00 00 00 00 00 
01 00 00 00 00 00 00 00 00 01 01 00 00 00 00 00 00 00 00 01 01 00 00 00 00 00 00 00 00 01 G1 00 00 00 00 00 00 00 00 D1 00 00 00 00 00 00 00 00 00 00 00 00 00 00 00 00 00 00 00 00 00 00 00 00 00 00 00 00 00 00 00 00 00 00 00 00 00 00 00 00 00 00 00 00 00 00 00 00 00 00 00 00 00 00 00 00 00 00 00 00 
01 00 00 00 00 00 00 00 00 01 01 00 00 00 00 00 00 00 00 01 01 00 00 00 00 00 00 00 00 01 G1 00 00 00 00 00 00 00 00 D1 00 00 00 00 00 00 00 00 00 00 00 00 00 00 00 00 00 00 00 00 00 00 00 00 00 00 00 00 00 00 00 00 00 00 00 00 00 00 00 00 00 00 00 00 00 00 00 00 00 00 00 00 00 00 00 00 00 00 00 00 
01 00 00 00 00 00 00 00 00 01 01 00 00 00 00 00 00 00 00 01 01 00 00 00 00 00 00 00 00 01 G1 00 00 00 00 00 00 00 00 D1 00 00 00 00 00 00 00 00 00 00 00 00 00 00 00 00 00 00 00 00 00 00 00 00 00 00 00 00 00 00 00 00 00 00 00 00 00 00 00 00 00 00 00 00 00 00 00 00 00 00 00 00 00 00 00 00 00 00 00 00 
01 00 00 00 00 00 00 00 00 01 01 00 00 00 00 00 00 00 00 00 00 00 00 00 00 00 00 00 00 01 G1 00 00 00 00 00 00 00 00 D1 00 00 00 00 00 00 00 00 00 00 00 00 00 00 00 00 00 00 00 00 00 00 00 00 00 00 00 00 00 00 00 00 00 00 00 00 00 00 00 00 00 00 00 00 00 00 00 00 00 00 00 00 00 00 00 00 00 00 00 00 
01 00 00 00 00 00 00 00 00 01 01 00 00 00 00 00 00 00 00 00 00 00 00 00 00 00 00 00 00 01 G1 00 00 00 00 00 00 00 00 D1 00 00 00 00 00 00 00 00 00 00 00 00 00 00 00 00 00 00 00 00 00 00 00 00 00 00 00 00 00 00 00 00 00 00 00 00 00 00 00 00 00 00 00 00 00 00 00 00 00 00 00 00 00 00 00 00 00 00 00 00 
01 00 00 00 00 00 00 00 00 01 01 00 00 00 00 00 00 00 00 01 01 00 00 00 00 00 00 00 00 01 G1 00 0H 00 00 00 00 00 00 D1 00 00 00 00 00 00 00 00 00 00 00 00 00 00 00 00 00 00 00 00 00 00 00 00 00 00 00 00 00 00 00 00 00 00 00 00 00 00 00 00 00 00 00 00 00 00 00 00 00 00 00 00 00 00 00 00 00 00 00 00 
01 00 00 00 00 00 00 00 00 01 01 00 00 00 00 00 00 00 00 01 01 00 00 00 00 00 00 00 00 01 G1 00 00 0A 00 00 0A 00 00 D1 00 00 00 00 00 00 00 00 00 00 00 00 00 00 00 00 00 00 00 00 00 00 00 00 00 00 00 00 00 00 00 00 00 00 00 00 00 00 00 00 00 00 00 00 00 00 00 00 00 00 00 00 00 00 00 00 00 00 00 00 
01 00 00 00 00 00 00 00 00 01 01 00 00 00 00 00 00 00 00 01 01 00 00 00 00 00 00 00 00 01 G1 0I 00 00 00 00 00 00 0I D1 00 00 00 00 00 00 00 00 00 00 00 00 00 00 00 00 00 00 00 00 00 00 00 00 00 00 00 00 00 00 00 00 00 00 00 00 00 00 00 00 00 00 00 00 00 00 00 00 00 00 00 00 00 00 00 00 00 00 00 00 
01 01 01 01 01 01 01 01 01 01 01 01 01 01 00 00 01 01 01 01 01 01 01 01 00 00 01 01 01 01 CA H1 H1 BG 00 00 BD H1 H1 CB 00 00 00 00 00 00 00 00 00 00 00 00 00 00 00 00 00 00 00 00 00 00 00 00 00 00 00 00 00 00 00 00 00 00 00 00 00 00 00 00 00 00 00 00 00 00 00 00 00 00 00 00 00 00 00 00 00 00 00 00 
01 01 01 01 01 01 01 01 01 01 01 01 01 01 00 00 01 01 01 01 01 01 01 01 00 00 01 01 01 01 CD B1 B1 HG 00 00 HD B1 B1 CG 00 00 00 00 00 00 00 00 00 00 00 00 00 00 00 00 00 00 00 00 00 00 00 00 00 00 00 00 00 00 00 00 00 00 00 00 00 00 00 00 00 00 00 00 00 00 00 00 00 00 00 00 00 00 00 00 00 00 00 00 
01 00 00 00 00 00 00 00 00 01 01 00 00 00 00 00 00 00 00 01 01 00 00 00 00 00 00 00 00 01 G1 00 00 00 00 00 00 00 00 D1 00 00 00 00 00 00 00 00 00 00 00 00 00 00 00 00 00 00 00 00 00 00 00 00 00 00 00 00 00 00 00 00 00 00 00 00 00 00 00 00 00 00 00 00 00 00 00 00 00 00 00 00 00 00 00 00 00 00 00 00 
01 00 00 00 00 00 00 00 00 01 01 00 00 00 00 00 00 00 00 01 01 00 00 00 00 00 00 00 00 01 G1 00 0O 00 00 00 00 0O 00 D1 00 00 00 00 00 00 00 00 00 00 00 00 00 00 00 00 00 00 00 00 00 00 00 00 00 00 00 00 00 00 00 00 00 00 00 00 00 00 00 00 00 00 00 00 00 00 00 00 00 00 00 00 00 00 00 00 00 00 00 00 
01 00 00 00 00 00 00 00 00 01 01 00 00 00 00 00 00 00 00 01 01 00 00 00 00 00 00 00 00 01 G1 00 00 00 00 00 00 00 00 D1 00 00 00 00 00 00 00 00 00 00 00 00 00 00 00 00 00 00 00 00 00 00 00 00 00 00 00 00 00 00 00 00 00 00 00 00 00 00 00 00 00 00 00 00 00 00 00 00 00 00 00 00 00 00 00 00 00 00 00 00 
01 00 00 00 00 00 00 00 00 01 01 00 00 00 00 00 00 00 00 01 01 00 00 00 00 00 00 00 00 01 G1 00 00 00 00 00 00 00 00 D1 00 00 00 00 00 00 00 00 00 00 00 00 00 00 00 00 00 00 00 00 00 00 00 00 00 00 00 00 00 00 00 00 00 00 00 00 00 00 00 00 00 00 00 00 00 00 00 00 00 00 00 00 00 00 00 00 00 00 00 00 
01 00 00 00 00 00 00 00 00 01 01 00 00 00 0S 00 00 00 00 01 01 00 00 00 00 00 00 00 00 01 G1 0A 0O 00 00 00 00 0O 0A D1 00 00 00 00 00 00 00 00 00 00 00 00 00 00 00 00 00 00 00 00 00 00 00 00 00 00 00 00 00 00 00 00 00 00 00 00 00 00 00 00 00 00 00 00 00 00 00 00 00 00 00 00 00 00 00 00 00 00 00 00 
01 00 00 00 00 00 00 00 00 01 01 00 00 00 00 00 00 00 00 01 01 00 00 00 00 00 00 00 00 01 G1 00 0A 00 00 00 0A 0A 00 D1 00 00 00 00 00 00 00 00 00 00 00 00 00 00 00 00 00 00 00 00 00 00 00 00 00 00 00 00 00 00 00 00 00 00 00 00 00 00 00 00 00 00 00 00 00 00 00 00 00 00 00 00 00 00 00 00 00 00 00 00 
01 00 00 00 00 00 00 00 00 01 01 00 00 00 00 00 00 00 00 01 01 00 00 00 00 00 00 00 00 01 G1 00 00 0A 0A 0A 00 00 00 D1 00 00 00 00 00 00 00 00 00 00 00 00 00 00 00 00 00 00 00 00 00 00 00 00 00 00 00 00 00 00 00 00 00 00 00 00 00 00 00 00 00 00 00 00 00 00 00 00 00 00 00 00 00 00 00 00 00 00 00 00 
01 00 00 00 00 00 00 00 00 01 01 00 00 00 00 00 00 00 00 01 01 00 00 00 00 00 00 00 00 01 G1 00 00 00 00 00 00 00 00 D1 00 00 00 00 00 00 00 00 00 00 00 00 00 00 00 00 00 00 00 00 00 00 00 00 00 00 00 00 00 00 00 00 00 00 00 00 00 00 00 00 00 00 00 00 00 00 00 00 00 00 00 00 00 00 00 00 00 00 00 00 
01 01 01 01 01 01 01 01 01 01 01 01 01 01 01 01 01 01 01 01 01 01 01 01 01 01 01 01 01 01 CA H1 H1 H1 H1 H1 H1 H1 H1 CB 00 00 00 00 00 00 00 00 00 00 00 00 00 00 00 00 00 00 00 00 00 00 00 00 00 00 00 00 00 00 00 00 00 00 00 00 00 00 00 00 00 00 00 00 00 00 00 00 00 00 00 00 00 00 00 00 00 00 00 00 
00 00 00 00 00 00 00 00 00 00 00 00 00 00 00 00 00 00 00 00 00 00 00 00 00 00 00 00 00 00 00 00 00 00 00 00 00 00 00 00 00 00 00 00 00 00 00 00 00 00 00 00 00 00 00 00 00 00 00 00 00 00 00 00 00 00 00 00 00 00 00 00 00 00 00 00 00 00 00 00 00 00 00 00 00 00 00 00 00 00 00 00 00 00 00 00 00 00 00 00 
00 00 00 00 00 00 00 00 00 00 00 00 00 00 00 00 00 00 00 00 00 00 00 00 00 00 00 00 00 00 00 00 00 00 00 00 00 00 00 00 00 00 00 00 00 00 00 00 00 00 00 00 00 00 00 00 00 00 00 00 00 00 00 00 00 00 00 00 00 00 00 00 00 00 00 00 00 00 00 00 00 00 00 00 00 00 00 00 00 00 00 00 00 00 00 00 00 00 00 00 
00 00 00 00 00 00 00 00 00 00 00 00 00 00 00 00 00 00 00 00 00 00 00 00 00 00 00 00 00 00 00 00 00 00 00 00 00 00 00 00 00 00 00 00 00 00 00 00 00 00 00 00 00 00 00 00 00 00 00 00 00 00 00 00 00 00 00 00 00 00 00 00 00 00 00 00 00 00 00 00 00 00 00 00 00 00 00 00 00 00 00 00 00 00 00 00 00 00 00 00 
00 00 00 00 00 00 00 00 00 00 00 00 00 00 00 00 00 00 00 00 00 00 00 00 00 00 00 00 00 00 00 00 00 00 00 00 00 00 00 00 00 00 00 00 00 00 00 00 00 00 00 00 00 00 00 00 00 00 00 00 00 00 00 00 00 00 00 00 00 00 00 00 00 00 00 00 00 00 00 00 00 00 00 00 00 00 00 00 00 00 00 00 00 00 00 00 00 00 00 00 
00 00 00 00 00 00 00 00 00 00 00 00 00 00 00 00 00 00 00 00 00 00 00 00 00 00 00 00 00 00 00 00 00 00 00 00 00 00 00 00 00 00 00 00 00 00 00 00 00 00 00 00 00 00 00 00 00 00 00 00 00 00 00 00 00 00 00 00 00 00 00 00 00 00 00 00 00 00 00 00 00 00 00 00 00 00 00 00 00 00 00 00 00 00 00 00 00 00 00 00 
00 00 00 00 00 00 00 00 00 00 00 00 00 00 00 00 00 00 00 00 00 00 00 00 00 00 00 00 00 00 00 00 00 00 00 00 00 00 00 00 00 00 00 00 00 00 00 00 00 00 00 00 00 00 00 00 00 00 00 00 00 00 00 00 00 00 00 00 00 00 00 00 00 00 00 00 00 00 00 00 00 00 00 00 00 00 00 00 00 00 00 00 00 00 00 00 00 00 00 00 
00 00 00 00 00 00 00 00 00 00 00 00 00 00 00 00 00 00 00 00 00 00 00 00 00 00 00 00 00 00 00 00 00 00 00 00 00 00 00 00 00 00 00 00 00 00 00 00 00 00 00 00 00 00 00 00 00 00 00 00 00 00 00 00 00 00 00 00 00 00 00 00 00 00 00 00 00 00 00 00 00 00 00 00 00 00 00 00 00 00 00 00 00 00 00 00 00 00 00 00 
00 00 00 00 00 00 00 00 00 00 00 00 00 00 00 00 00 00 00 00 00 00 00 00 00 00 00 00 00 00 00 00 00 00 00 00 00 00 00 00 00 00 00 00 00 00 00 00 00 00 00 00 00 00 00 00 00 00 00 00 00 00 00 00 00 00 00 00 00 00 00 00 00 00 00 00 00 00 00 00 00 00 00 00 00 00 00 00 00 00 00 00 00 00 00 00 00 00 00 00 
00 00 00 00 00 00 00 00 00 00 00 00 00 00 00 00 00 00 00 00 00 00 00 00 00 00 00 00 00 00 00 00 00 00 00 00 00 00 00 00 00 00 00 00 00 00 00 00 00 00 00 00 00 00 00 00 00 00 00 00 00 00 00 00 00 00 00 00 00 00 00 00 00 00 00 00 00 00 00 00 00 00 00 00 00 00 00 00 00 00 00 00 00 00 00 00 00 00 00 00 
00 00 00 00 00 00 00 00 00 00 00 00 00 00 00 00 00 00 00 00 00 00 00 00 00 00 00 00 00 00 00 00 00 00 00 00 00 00 00 00 00 00 00 00 00 00 00 00 00 00 00 00 00 00 00 00 00 00 00 00 00 00 00 00 00 00 00 00 00 00 00 00 00 00 00 00 00 00 00 00 00 00 00 00 00 00 00 00 00 00 00 00 00 00 00 00 00 00 00 00 
