01 01 01 01 01 01 01 01 01 01 01 01 01 01 01 01 01 01 01 01 01 01 01 01 01 01 01 01 01 01 01 01 01 01 01 01 01 01 01 01 01 01 01 01 01 01 01 01 01 01 
01 00 00 00 00 00 00 00 00 01 01 00 00 00 0C 0C 0C 00 00 01 01 0C 0C 0C 0C 0C 0C 0C 0C 01 01 00 00 00 00 00 00 00 00 01 01 00 00 00 00 00 00 00 00 01 
01 00 00 00 00 00 00 00 00 01 01 00 0H 0H 0H 0H 0H 0H 00 01 01 00 00 00 00 00 00 00 00 01 01 00 00 0A 00 00 0A 00 00 01 01 00 00 00 00 00 00 00 00 01 
01 00 00 00 00 00 00 00 00 01 01 00 00 00 00 00 00 00 00 01 01 00 00 00 00 00 00 00 00 01 01 00 00 00 00 00 00 00 00 01 01 00 00 00 00 00 00 00 00 01 
01 00 00 00 0S 00 00 00 00 01 01 00 00 00 00 00 00 00 00 01 01 00 00 00 00 00 00 00 00 00 00 00 00 0A 00 00 0A 00 00 00 00 00 00 00 00 00 00 00 00 01 
01 00 00 00 00 00 00 00 00 01 01 00 00 00 00 00 00 00 00 01 01 00 00 00 00 00 00 00 00 00 00 00 00 00 00 00 00 00 00 00 00 00 00 00 00 0C 00 00 00 01 
01 00 00 00 00 00 00 00 00 01 01 00 00 00 00 00 00 00 00 01 01 00 00 00 00 00 00 00 00 01 01 00 00 00 00 00 00 00 00 01 01 00 00 00 00 00 00 00 00 01 
01 00 00 00 00 00 00 00 00 01 01 00 00 00 00 00 00 00 00 01 01 00 00 00 00 00 00 00 00 01 01 00 00 00 00 00 00 00 00 01 01 00 00 00 00 00 00 00 00 01 
01 00 00 00 00 00 00 00 00 01 01 00 00 00 00 00 00 00 00 01 01 0A 0A 0A 0A 0A 0A 0A 0A 01 01 00 00 00 00 00 00 00 00 01 01 00 00 00 00 00 00 00 00 01 
01 01 01 01 00 00 01 01 01 01 01 01 01 01 00 00 01 01 01 01 01 01 01 01 01 01 01 01 01 01 01 01 01 01 00 00 01 01 01 01 01 01 01 01 00 00 01 01 01 01 
01 01 01 01 00 00 01 01 01 01 01 01 01 01 00 00 01 01 01 01 01 01 01 01 01 01 01 01 01 01 01 01 01 01 00 00 01 01 01 01 01 01 01 01 00 00 01 01 01 01 
01 0A 00 00 00 00 00 00 00 01 01 00 00 00 00 00 00 00 00 01 01 00 00 00 00 00 00 00 00 01 01 00 00 00 00 00 00 00 00 01 01 00 00 00 00 00 00 00 00 01 
01 0A 00 00 00 00 00 00 00 01 01 00 00 0C 00 00 00 00 00 01 01 00 00 00 00 00 00 00 00 01 01 00 00 00 00 0C 00 0C 00 01 01 00 00 00 00 00 00 00 00 01 
01 0A 00 00 00 00 00 00 00 01 01 00 00 00 00 00 00 00 00 01 01 00 00 00 00 00 00 00 00 01 01 00 00 00 00 00 00 00 00 01 01 00 00 00 00 00 00 00 00 01 
01 0A 00 00 00 00 00 00 00 00 00 00 00 0C 00 00 00 00 00 00 00 00 00 00 00 00 00 00 00 00 00 00 00 0C 00 00 00 0C 00 01 01 00 00 00 00 00 00 00 00 01 
01 0A 00 00 00 00 00 00 00 00 00 00 00 00 00 00 00 00 00 00 00 00 00 00 00 00 00 00 00 00 00 00 00 00 00 00 00 00 00 01 01 00 00 00 00 00 00 00 00 01 
01 0A 00 00 00 00 00 00 00 01 01 00 00 0C 00 00 00 00 00 01 01 00 00 00 00 00 00 00 00 01 01 00 00 00 00 0C 0C 00 00 01 01 00 00 00 0C 0C 00 00 00 01 
01 0A 00 00 00 00 00 00 00 01 01 00 00 00 00 00 00 00 00 01 01 00 00 00 00 00 00 00 00 01 01 00 00 00 00 00 00 00 00 01 01 00 00 0H 00 00 0H 00 00 01 
01 0A 00 00 00 00 00 00 00 01 01 00 00 00 00 00 00 00 00 01 01 00 00 00 00 00 00 00 00 01 01 00 00 0C 00 00 00 00 00 01 01 00 00 00 00 00 00 00 00 01 
01 01 01 01 01 01 01 01 01 01 01 01 01 01 01 01 01 01 01 01 01 01 01 01 00 00 01 01 01 01 01 01 01 01 01 01 01 01 01 01 01 01 01 01 01 01 01 01 01 01 
01 01 01 01 01 01 01 01 01 01 01 01 01 01 01 01 01 01 01 01 01 01 01 01 00 00 01 01 01 01 01 01 01 01 01 01 01 01 01 01 01 01 01 01 01 01 01 01 01 01 
01 00 00 00 00 00 00 00 00 01 01 00 00 00 00 00 00 00 00 01 01 00 00 0A 00 00 0A 00 00 01 01 00 00 00 00 00 00 00 00 01 01 00 00 00 00 00 00 00 00 01 
01 00 00 00 00 00 00 00 00 01 01 00 00 00 00 00 00 00 00 01 01 00 00 00 00 00 00 00 00 01 01 00 00 0H 00 0A 00 0H 00 01 01 00 00 0C 00 00 0C 00 00 01 
01 00 00 00 00 00 00 00 00 01 01 00 00 00 00 00 00 00 00 01 01 00 0A 00 0A 00 00 0A 00 01 01 00 00 00 00 00 00 00 00 01 01 00 00 00 00 00 00 00 00 01 
01 00 00 00 00 00 00 00 00 01 01 00 00 00 00 00 00 00 00 01 01 00 00 00 00 00 00 00 00 01 01 00 00 00 00 00 00 00 00 00 00 00 00 00 00 00 00 00 00 01 
01 00 00 00 IT 00 00 00 00 01 01 00 00 00 00 00 00 00 00 01 01 00 00 00 00 00 00 00 00 01 01 00 00 00 00 00 00 00 00 00 00 00 0C 00 00 00 00 0C 00 01 
01 00 00 00 00 00 00 00 00 01 01 00 00 00 00 00 00 00 00 01 01 00 00 00 00 00 00 00 00 01 01 00 00 00 00 00 00 00 00 01 01 00 00 00 00 00 00 00 00 01 
01 00 00 00 00 00 00 00 00 01 01 00 00 00 00 00 00 00 00 01 01 00 00 00 00 00 00 00 00 01 01 00 00 00 00 00 00 00 00 01 01 00 00 00 00 00 00 00 00 01 
01 00 00 00 00 00 00 00 00 01 01 00 00 00 00 00 00 00 00 01 01 00 00 00 00 00 00 00 00 01 01 00 00 00 00 00 00 00 00 01 01 00 00 00 00 00 00 00 00 01 
01 01 01 01 01 01 01 01 01 01 01 01 01 01 01 01 01 01 01 01 01 01 01 01 00 00 01 01 01 01 01 01 01 01 00 00 01 01 01 01 01 01 01 01 00 00 01 01 01 01 
01 01 01 01 01 01 01 01 01 01 01 01 01 01 01 01 01 01 01 01 01 01 01 01 00 00 01 01 01 01 01 01 01 01 00 00 01 01 01 01 01 01 01 01 00 00 01 01 01 01 
01 00 00 00 00 00 00 00 00 01 01 00 00 00 00 00 00 00 00 01 01 00 00 00 00 00 00 00 00 01 01 00 00 00 00 00 00 00 00 01 01 00 00 00 00 00 00 00 00 01 
01 00 00 00 0A 00 00 00 00 01 01 00 00 0C 00 00 00 00 00 01 01 00 00 00 00 00 00 00 00 01 01 00 00 00 00 00 00 00 00 01 01 00 00 00 00 00 00 00 00 01 
01 00 00 00 0A 00 00 00 00 01 01 00 00 00 00 00 00 00 00 01 01 00 00 00 00 00 00 00 00 01 01 00 00 00 00 00 00 00 00 01 01 00 00 00 00 0P 00 00 00 01 
01 00 00 00 00 00 00 00 00 00 00 00 00 00 00 00 00 00 00 00 00 00 00 00 00 00 00 00 00 00 00 00 00 00 00 00 00 00 00 01 01 00 00 00 00 00 00 00 00 01 
01 00 00 0H 00 00 00 00 00 00 00 00 00 00 00 00 00 00 00 00 00 00 00 00 00 00 00 00 00 00 00 00 00 00 00 00 00 00 00 01 01 00 00 00 00 00 00 00 00 01 
01 00 00 00 0A 00 00 00 00 01 01 00 00 0C 00 00 00 00 00 01 01 00 00 00 00 00 00 00 00 01 01 00 00 00 00 00 00 00 00 01 01 00 00 00 00 00 00 00 00 01 
01 00 00 00 0A 00 00 00 00 01 01 00 00 00 00 00 00 00 00 01 01 00 00 00 00 00 00 00 00 01 01 00 00 00 00 00 00 00 00 01 01 00 00 00 00 00 00 00 00 01 
01 00 00 00 00 00 00 00 00 01 01 00 00 00 00 00 00 00 00 01 01 00 00 00 00 00 00 00 00 01 01 00 00 00 00 00 00 00 00 01 01 00 00 00 00 00 00 00 00 01 
01 01 01 01 01 01 01 01 01 01 01 01 01 01 01 01 01 01 01 01 01 01 01 01 01 01 01 01 01 01 01 01 01 01 01 01 01 01 01 01 01 01 01 01 01 01 01 01 01 01 